 T-ini=  0.60000002384185791     
 N-step=                20000
 Dens=  0.80000000000000004     
 N-step=                20000
 Lado box=   31.304951684997057     
 corte=   6.2500000000000000     
 dt=   1.0000000000000000E-002

 ==================Salida=========================
 temperature=  0.90622394326629285     
 energy=  -1.9219705578010613     
 pressure=   3.5192835286584372     
