 T-ini=  0.60000002384185791     
 N-step=                20000
 Dens=  0.29999999999999999     
 N-step=                20000
 Lado box=   51.120772033815506     
 corte=   6.2500000000000000     
 dt=   1.0000000000000000E-002

 ==================Salida=========================
 temperature=   1.0902046012619964     
 energy= -0.70344209915646616     
 pressure=  0.39871738170340287     
