 T-ini=  0.60000002384185791     
 N-step=                20000
 Dens=  0.59999999999999998     
 N-step=                20000
 Lado box=   36.147844564602558     
 corte=   6.2500000000000000     
 dt=   1.0000000000000000E-002

 ==================Salida=========================
 temperature=  0.30048509458514328     
 energy=  -1.9954242470248884     
 pressure=   1.0799792812575398E-002
