 T-ini=  0.60000002384185791     
 N-step=                20000
 Dens=  0.29999999999999999     
 N-step=                20000
 Lado box=   51.120772033815506     
 corte=   6.2500000000000000     
 dt=   1.0000000000000000E-002

 ==================Salida=========================
 temperature=  0.50264979267724608     
 energy= -0.94493144957134667     
 pressure=  0.10977878615378305     
