 T-ini=  0.60000002384185791     
 N-step=                20000
 Dens=  0.29999999999999999     
 N-step=                20000
 Lado box=   51.120772033815506     
 corte=   6.2500000000000000     
 dt=   1.0000000000000000E-002

 ==================Salida=========================
 temperature=  0.89386479073494729     
 energy= -0.74264498093522480     
 pressure=  0.30366111435839738     
