 T-ini=  0.60000002384185791     
 N-step=               200000
 Dens=  0.90000000000000002     
 N-step=               200000
 Lado box=   29.514591494904877     
 corte=   6.2500000000000000     
 dt=   1.0000000000000000E-002

 ==================Salida=========================
 temperature=  0.64384964184208815     
 energy=  -2.4697809073371255     
 pressure=   3.7975482301078931     
