 T-ini=  0.60000002384185791     
 N-step=               200000
 Dens=  0.50000000000000000     
 N-step=               200000
 Lado box=   39.597979746446661     
 corte=   6.2500000000000000     
 dt=   1.0000000000000000E-002

 ==================Salida=========================
 temperature=  0.77821148328676937     
 energy=  -1.2763444172038882     
 pressure=  0.55505857323268182     
