 T-ini=  0.60000002384185791     
 N-step=               200000
 Dens=  0.29999999999999999     
 N-step=               200000
 Lado box=   51.120772033815506     
 corte=   6.2500000000000000     
 dt=   1.0000000000000000E-002

 ==================Salida=========================
 temperature=  0.94153815269337493     
 energy= -0.73488776540684153     
 pressure=  0.32675481753926355     
