 T-ini=  0.60000002384185791     
 N-step=               200000
 Dens=  0.59999999999999998     
 N-step=               200000
 Lado box=   36.147844564602558     
 corte=   6.2500000000000000     
 dt=   1.0000000000000000E-002

 ==================Salida=========================
 temperature=  0.61640199347327873     
 energy=  -1.6167247847903530     
 pressure=  0.57048354980417626     
