 T-ini=  0.60000002384185791     
 N-step=               200000
 Dens=  0.40000000000000002     
 N-step=               200000
 Lado box=   44.271887242357316     
 corte=   6.2500000000000000     
 dt=   1.0000000000000000E-002

 ==================Salida=========================
 temperature=  0.89883217077140853     
 energy= -0.98623860600079538     
 pressure=  0.46430501210481073     
