 N-step=               200000
 N-step=               200000
 corte=   6.2500000000000000     
 dt=   1.0000000000000000E-002
