 T-ini=  0.60000002384185791     
 N-step=               200000
 Dens=  0.30000001192092896     
 N-step=               200000
 Lado box=   14.227573029509269     
 corte=   6.2500000000000000     
 dt=   1.0000000000000000E-002

 ==================Salida=========================
 temperature=   1.5693110559065466     
 energy=  -2.6108257416234655     
 pressure=  0.22249751209722229     
