 T-ini=  0.60000002384185791     
 N-step=               200000
 Dens=  0.40000000000000002     
 N-step=               200000
 Lado box=   12.926608140191302     
 corte=   6.2500000000000000     
 dt=   1.0000000000000000E-002

 ==================Salida=========================
 temperature=   1.1011682145542401     
 energy=  -2.7119446140071473     
 pressure=  0.11154955226181185     
