 T-ini=  0.60000002384185791     
 N-step=               200000
 Dens=  0.69999999999999996     
 N-step=               200000
 Lado box=   10.726842421158810     
 corte=   6.2500000000000000     
 dt=   1.0000000000000000E-002

 ==================Salida=========================
 temperature=  0.57513211667186515     
 energy=  -5.2470248402925357     
 pressure= -0.46780355908814764     
