 T-ini=  0.60000002384185791     
 N-step=               200000
 Dens=  0.50000000000000000     
 N-step=               200000
 Lado box=   12.000000000000000     
 corte=   6.2500000000000000     
 dt=   1.0000000000000000E-002

 ==================Salida=========================
 temperature=  0.93684884891005404     
 energy=  -3.4736361050988553     
 pressure=  -3.9446658419395042E-002
