 T-ini=  0.60000002384185791     
 N-step=               200000
 Dens=  0.90000000000000002     
 N-step=               200000
 Lado box=   9.8648482973218794     
 corte=   6.2500000000000000     
 dt=   1.0000000000000000E-002

 ==================Salida=========================
 temperature=  0.31607679465983907     
 energy=  -6.8163229135290990     
 pressure=  -3.1315326963260186     
