 T-ini=  0.60000002384185791     
 N-step=               200000
 Dens=  0.59999999999999998     
 N-step=               200000
 Lado box=   11.292432346572340     
 corte=   6.2500000000000000     
 dt=   1.0000000000000000E-002

 ==================Salida=========================
 temperature=  0.76283753603998194     
 energy=  -4.3702134307035374     
 pressure= -0.21838364502519347     
