 T-ini=  0.60000002384185791     
 N-step=               200000
 Dens=  0.29999999999999999     
 N-step=               200000
 Lado box=   14.227573217960252     
 corte=   6.2500000000000000     
 dt=   1.0000000000000000E-002

 ==================Salida=========================
 temperature=   1.2168878830142660     
 energy=  -2.0448789958017461     
 pressure=  0.16995904351594227     
