 T-ini=  0.60000002384185791     
 N-step=               200000
 Dens=  0.20000000000000001     
 N-step=               200000
 Lado box=   16.286505699569439     
 corte=   6.2500000000000000     
 dt=   1.0000000000000000E-002

 ==================Salida=========================
 temperature=   1.2278960455076668     
 energy=  -1.4287507480341535     
 pressure=  0.14260254556500879     
