 T-ini=  0.60000002384185791     
 N-step=               200000
 Dens=  0.10000000000000001     
 N-step=               200000
 Lado box=   20.519711360120361     
 corte=   6.2500000000000000     
 dt=   1.0000000000000000E-002

 ==================Salida=========================
 temperature=   1.0849479696740609     
 energy= -0.80955855842419644     
 pressure=   7.3906339209966893E-002
