 T-ini=  0.60000002384185791     
 N-step=               200000
 Dens=  0.80000000000000004     
 N-step=               200000
 Lado box=   10.259855680060181     
 corte=   6.2500000000000000     
 dt=   1.0000000000000000E-002

 ==================Salida=========================
 temperature=  0.50544461708567090     
 energy=  -6.2301095970894256     
 pressure= -0.64193864306868276     
