 T-ini=  0.60000002384185791     
 N-step=                20000
 Dens=  0.10000000000000001     
 N-step=                20000
 Lado box=   88.543774484714632     
 corte=   6.2500000000000000     
 dt=   1.0000000000000000E-002

 ==================Salida=========================
 temperature=   1.3476227492468313     
 energy=  -1.7551483956389750E-004
 pressure=  0.13472736686148901     
