 T-ini=  0.60000002384185791     
 N-step=                20000
 Dens=  0.40000000000000002     
 N-step=                20000
 Lado box=   44.271887242357316     
 corte=   6.2500000000000000     
 dt=   1.0000000000000000E-002

 ==================Salida=========================
 temperature=   1.3305220712348886     
 energy=  -1.1633781591843571     
 pressure=  0.27079595332781642     
