 T-ini=  0.60000002384185791     
 N-step=                20000
 Dens=  0.20000000000000001     
 N-step=                20000
 Lado box=   62.609903369994115     
 corte=   6.2500000000000000     
 dt=   1.0000000000000000E-002

 ==================Salida=========================
 temperature=   1.3325676575578478     
 energy= -0.17845721146029861     
 pressure=  0.22761904051956100     
