 T-ini=  0.60000002384185791     
 N-step=                20000
 Dens=  0.69999999999999996     
 N-step=                20000
 Lado box=   33.466401061363023     
 corte=   6.2500000000000000     
 dt=   1.0000000000000000E-002

 ==================Salida=========================
 temperature=   1.3337481167645564     
 energy=  -2.1165568519857976     
 pressure=   1.9723635396286952     
