 T-ini=  0.60000002384185791     
 N-step=                20000
 Dens=  0.50000000000000000     
 N-step=                20000
 Lado box=   39.597979746446661     
 corte=   6.2500000000000000     
 dt=   1.0000000000000000E-002

 ==================Salida=========================
 temperature=   1.3295910117247174     
 energy=  -1.5588573727478616     
 pressure=  0.22558014465147708     
