 T-ini=  0.60000002384185791     
 N-step=               200000
 Dens=  0.20000000000000001     
 N-step=               200000
 Lado box=   62.609903369994115     
 corte=   6.2500000000000000     
 dt=   1.0000000000000000E-002

 ==================Salida=========================
 temperature=  0.89694099943934869     
 energy= -0.50697474305399559     
 pressure=  0.18782347000550020     
