 T-ini=  0.60000002384185791     
 N-step=               200000
 Dens=  0.10000000000000001     
 N-step=               200000
 Lado box=   88.543774484714632     
 corte=   6.2500000000000000     
 dt=   1.0000000000000000E-002

 ==================Salida=========================
 temperature=  0.77513039341904955     
 energy= -0.27909647546529021     
 pressure=   7.5759947268070754E-002
