 T-ini=  0.60000002384185791     
 N-step=                20000
 Dens=  0.80000000000000004     
 N-step=                20000
 Lado box=   31.304951684997057     
 corte=   6.2500000000000000     
 dt=   1.0000000000000000E-002

 ==================Salida=========================
 temperature=   9.8539994517861565E-002
 energy=  -2.9416800406673502     
 pressure= -0.22641569799335054     
