 T-ini=  0.60000002384185791     
 N-step=               200000
 Dens=  0.80000000000000004     
 N-step=               200000
 Lado box=   31.304951684997057     
 corte=   6.2500000000000000     
 dt=   1.0000000000000000E-002

 ==================Salida=========================
 temperature=  0.43941587793810288     
 energy=  -2.3290121138394677     
 pressure=   1.2574591033575790     
