 T-ini=  0.60000002384185791     
 N-step=                20000
 Dens=  0.59999999999999998     
 N-step=                20000
 Lado box=   36.147844564602558     
 corte=   6.2500000000000000     
 dt=   1.0000000000000000E-002

 ==================Salida=========================
 temperature=   9.8173577957311908E-002
 energy=  -2.7312203118976917     
 pressure=  -9.9494624454764632E-002
