 T-ini=  0.60000002384185791     
 N-step=               200000
 Dens=  0.69999999999999996     
 N-step=               200000
 Lado box=   33.466401061363023     
 corte=   6.2500000000000000     
 dt=   1.0000000000000000E-002

 ==================Salida=========================
 temperature=  0.47192776678190829     
 energy=  -1.9928128758603882     
 pressure=  0.58718301949141805     
