 T-ini=  0.60000002384185791     
 N-step=              2000000
 Dens=  0.30000001192092896     
 N-step=              2000000
 Lado box=   51.120771018137049     
 corte=   6.2500000000000000     
 dt=   1.0000000000000000E-002

 ==================Salida=========================
 temperature=  0.94212247718526598     
 energy= -0.73492896927392026     
 pressure=  0.32713992173934986     
